[headerbg.png]
backuphash=33713
text=1;163;37;Asian Indian Americans &#010;Of Central PA;Algerian;0.095133,0.247456,0.266667,0.000000;v1,4278190080,4278190080,128.000000,1.000000,0.140187,1.000000,700,258,49152;;
textactive=1
